1 3.84146
2 5.99146
3 7.81473
4 9.48773
5 11.0705
6 12.5916
7 14.0671
8 15.5073
9 16.919
10 18.307
11 19.6751
12 21.0261
13 22.362
14 23.6848
15 24.9958
16 26.2962
17 27.5871
18 28.8693
19 30.1435
20 31.4104
21 32.6706
22 33.9244
23 35.1725
24 36.415
25 37.6525
26 38.8851
27 40.1133
28 41.3371
29 42.557
30 43.773
31 44.9853
32 46.1943
33 47.3999
34 48.6024
35 49.8018
36 50.9985
37 52.1923
38 53.3835
39 54.5722
40 55.7585
41 56.9424
42 58.124
43 59.3035
44 60.4809
45 61.6562
46 62.8296
47 64.0011
48 65.1708
49 66.3386
50 67.5048
51 68.6693
52 69.8322
53 70.9935
54 72.1532
55 73.3115
56 74.4683
57 75.6237
58 76.7778
59 77.9305
60 79.0819
61 80.2321
62 81.381
63 82.5287
64 83.6753
65 84.8206
66 85.9649
67 87.1081
68 88.2502
69 89.3912
70 90.5312
71 91.6702
72 92.8083
73 93.9453
74 95.0815
75 96.2167
76 97.351
77 98.4844
78 99.6169
79 100.749
80 101.879
81 103.01
82 104.139
83 105.267
84 106.395
85 107.522
86 108.648
87 109.773
88 110.898
89 112.022
90 113.145
91 114.268
92 115.39
93 116.511
94 117.632
95 118.752
96 119.871
97 120.99
98 122.108
99 123.225
100 124.342
101 125.458
102 126.574
103 127.689
104 128.804
105 129.918
106 131.031
107 132.144
108 133.257
109 134.369
110 135.48
111 136.591
112 137.701
113 138.811
114 139.921
115 141.03
116 142.138
117 143.246
118 144.354
119 145.461
120 146.567
121 147.674
122 148.779
123 149.885
124 150.989
125 152.094
126 153.198
127 154.302
128 155.405
129 156.508
130 157.61
131 158.712
132 159.814
133 160.915
134 162.016
135 163.116
136 164.216
137 165.316
138 166.415
139 167.514
140 168.613
141 169.711
142 170.809
143 171.907
144 173.004
145 174.101
146 175.198
147 176.294
148 177.39
149 178.485
150 179.581
151 180.676
152 181.77
153 182.865
154 183.959
155 185.052
156 186.146
157 187.239
158 188.332
159 189.424
160 190.516
161 191.608
162 192.7
163 193.791
164 194.883
165 195.973
166 197.064
167 198.154
168 199.244
169 200.334
170 201.423
171 202.513
172 203.602
173 204.69
174 205.779
175 206.867
176 207.955
177 209.042
178 210.13
179 211.217
180 212.304
181 213.391
182 214.477
183 215.563
184 216.649
185 217.735
186 218.82
187 219.906
188 220.991
189 222.076
190 223.16
191 224.245
192 225.329
193 226.413
194 227.496
195 228.58
196 229.663
197 230.746
198 231.829
199 232.912
200 233.994
201 235.077
202 236.159
203 237.24
204 238.322
205 239.403
206 240.485
207 241.566
208 242.647
209 243.727
210 244.808
211 245.888
212 246.968
213 248.048
214 249.128
215 250.207
216 251.286
217 252.365
218 253.444
219 254.523
220 255.602
221 256.68
222 257.758
223 258.837
224 259.914
225 260.992
226 262.07
227 263.147
228 264.224
229 265.301
230 266.378
231 267.455
232 268.531
233 269.608
234 270.684
235 271.76
236 272.836
237 273.911
238 274.987
239 276.062
240 277.138
241 278.213
242 279.288
243 280.362
244 281.437
245 282.511
246 283.586
247 284.66
248 285.734
249 286.808
250 287.882
251 288.955
252 290.028
253 291.102
254 292.175
255 293.248
256 294.321
257 295.393
258 296.466
259 297.538
260 298.611
261 299.683
262 300.755
263 301.827
264 302.898
265 303.97
266 305.041
267 306.113
268 307.184
269 308.255
270 309.326
271 310.397
272 311.467
273 312.538
274 313.608
275 314.678
276 315.749
277 316.819
278 317.888
279 318.958
280 320.028
281 321.097
282 322.167
283 323.236
284 324.305
285 325.374
286 326.443
287 327.512
288 328.58
289 329.649
290 330.717
291 331.786
292 332.854
293 333.922
294 334.99
295 336.058
296 337.125
297 338.193
298 339.26
299 340.328
300 341.395
301 342.462
302 343.529
303 344.596
304 345.663
305 346.73
306 347.796
307 348.863
308 349.929
309 350.995
310 352.062
311 353.128
312 354.194
313 355.26
314 356.325
315 357.391
316 358.456
317 359.522
318 360.587
319 361.652
320 362.718
321 363.783
322 364.847
323 365.912
324 366.977
325 368.042
326 369.106
327 370.171
328 371.235
329 372.299
330 373.363
331 374.427
332 375.491
333 376.555
334 377.619
335 378.682
336 379.746
337 380.809
338 381.873
339 382.936
340 383.999
341 385.062
342 386.125
343 387.188
344 388.251
345 389.314
346 390.376
347 391.439
348 392.501
349 393.564
350 394.626
351 395.688
352 396.75
353 397.812
354 398.874
355 399.936
356 400.997
357 402.059
358 403.121
359 404.182
360 405.244
361 406.305
362 407.366
363 408.427
364 409.488
365 410.549
366 411.61
367 412.671
368 413.732
369 414.792
370 415.853
371 416.913
372 417.974
373 419.034
374 420.094
375 421.154
376 422.214
377 423.274
378 424.334
379 425.394
380 426.454
381 427.513
382 428.573
383 429.632
384 430.692
385 431.751
386 432.811
387 433.87
388 434.929
389 435.988
390 437.047
391 438.106
392 439.165
393 440.223
394 441.282
395 442.341
396 443.399
397 444.458
398 445.516
399 446.574
400 447.632
401 448.691
402 449.749
403 450.807
404 451.865
405 452.923
406 453.98
407 455.038
408 456.096
409 457.153
410 458.211
411 459.268
412 460.326
413 461.383
414 462.44
415 463.497
416 464.554
417 465.611
418 466.668
419 467.725
420 468.782
421 469.839
422 470.895
423 471.952
424 473.009
425 474.065
426 475.122
427 476.178
428 477.234
429 478.29
430 479.347
431 480.403
432 481.459
433 482.515
434 483.571
435 484.626
436 485.682
437 486.738
438 487.793
439 488.849
440 489.905
441 490.96
442 492.015
443 493.071
444 494.126
445 495.181
446 496.236
447 497.291
448 498.346
449 499.401
450 500.456
451 501.511
452 502.566
453 503.621
454 504.675
455 505.73
456 506.784
457 507.839
458 508.893
459 509.947
460 511.002
461 512.056
462 513.11
463 514.164
464 515.218
465 516.272
466 517.326
467 518.38
468 519.434
469 520.488
470 521.541
471 522.595
472 523.649
473 524.702
474 525.756
475 526.809
476 527.862
477 528.916
478 529.969
479 531.022
480 532.075
481 533.128
482 534.181
483 535.234
484 536.287
485 537.34
486 538.393
487 539.446
488 540.499
489 541.551
490 542.604
491 543.656
492 544.709
493 545.761
494 546.814
495 547.866
496 548.918
497 549.97
498 551.023
499 552.075
500 553.127
501 554.179
502 555.231
503 556.283
504 557.335
505 558.386
506 559.438
507 560.49
508 561.541
509 562.593
510 563.645
511 564.696
512 565.748
513 566.799
514 567.85
515 568.902
516 569.953
517 571.004
518 572.055
519 573.106
520 574.157
521 575.208
522 576.259
523 577.31
524 578.361
525 579.412
526 580.463
527 581.513
528 582.564
529 583.615
530 584.665
531 585.716
532 586.766
533 587.817
534 588.867
535 589.917
536 590.968
537 592.018
538 593.068
539 594.118
540 595.168
541 596.218
542 597.268
543 598.318
544 599.368
545 600.418
546 601.468
547 602.518
548 603.567
549 604.617
550 605.667
551 606.716
552 607.766
553 608.815
554 609.865
555 610.914
556 611.964
557 613.013
558 614.062
559 615.112
560 616.161
561 617.21
562 618.259
563 619.308
564 620.357
565 621.406
566 622.455
567 623.504
568 624.553
569 625.601
570 626.65
571 627.699
572 628.748
573 629.796
574 630.845
575 631.893
576 632.942
577 633.99
578 635.039
579 636.087
580 637.135
581 638.184
582 639.232
583 640.28
584 641.328
585 642.377
586 643.425
587 644.473
588 645.521
589 646.569
590 647.617
591 648.664
592 649.712
593 650.76
594 651.808
595 652.856
596 653.903
597 654.951
598 655.998
599 657.046
600 658.094
601 659.141
602 660.188
603 661.236
604 662.283
605 663.331
606 664.378
607 665.425
608 666.472
609 667.519
610 668.567
611 669.614
612 670.661
613 671.708
614 672.755
615 673.802
616 674.849
617 675.895
618 676.942
619 677.989
620 679.036
621 680.083
622 681.129
623 682.176
624 683.222
625 684.269
626 685.316
627 686.362
628 687.408
629 688.455
630 689.501
631 690.548
632 691.594
633 692.64
634 693.686
635 694.733
636 695.779
637 696.825
638 697.871
639 698.917
640 699.963
641 701.009
642 702.055
643 703.101
644 704.147
645 705.192
646 706.238
647 707.284
648 708.33
649 709.375
650 710.421
651 711.467
652 712.512
653 713.558
654 714.603
655 715.649
656 716.694
657 717.74
658 718.785
659 719.83
660 720.876
661 721.921
662 722.966
663 724.011
664 725.057
665 726.102
666 727.147
667 728.192
668 729.237
669 730.282
670 731.327
671 732.372
672 733.417
673 734.462
674 735.506
675 736.551
676 737.596
677 738.641
678 739.685
679 740.73
680 741.775
681 742.819
682 743.864
683 744.908
684 745.953
685 746.997
686 748.042
687 749.086
688 750.131
689 751.175
690 752.219
691 753.264
692 754.308
693 755.352
694 756.396
695 757.44
696 758.485
697 759.529
698 760.573
699 761.617
700 762.661
701 763.705
702 764.749
703 765.792
704 766.836
705 767.88
706 768.924
707 769.968
708 771.011
709 772.055
710 773.099
711 774.143
712 775.186
713 776.23
714 777.273
715 778.317
716 779.36
717 780.404
718 781.447
719 782.491
720 783.534
721 784.577
722 785.621
723 786.664
724 787.707
725 788.75
726 789.794
727 790.837
728 791.88
729 792.923
730 793.966
731 795.009
732 796.052
733 797.095
734 798.138
735 799.181
736 800.224
737 801.267
738 802.31
739 803.352
740 804.395
741 805.438
742 806.481
743 807.523
744 808.566
745 809.609
746 810.651
747 811.694
748 812.736
749 813.779
750 814.822
751 815.864
752 816.906
753 817.949
754 818.991
755 820.034
756 821.076
757 822.118
758 823.16
759 824.203
760 825.245
761 826.287
762 827.329
763 828.371
764 829.414
765 830.456
766 831.498
767 832.54
768 833.582
769 834.624
770 835.666
771 836.708
772 837.749
773 838.791
774 839.833
775 840.875
776 841.917
777 842.958
778 844
779 845.042
780 846.084
781 847.125
782 848.167
783 849.208
784 850.25
785 851.291
786 852.333
787 853.374
788 854.416
789 855.457
790 856.499
791 857.54
792 858.582
793 859.623
794 860.664
795 861.705
796 862.747
797 863.788
798 864.829
799 865.87
800 866.911
801 867.953
802 868.994
803 870.035
804 871.076
805 872.117
806 873.158
807 874.199
808 875.24
809 876.281
810 877.321
811 878.362
812 879.403
813 880.444
814 881.485
815 882.526
816 883.566
817 884.607
818 885.648
819 886.688
820 887.729
821 888.77
822 889.81
823 890.851
824 891.891
825 892.932
826 893.972
827 895.013
828 896.053
829 897.094
830 898.134
831 899.174
832 900.215
833 901.255
834 902.295
835 903.336
836 904.376
837 905.416
838 906.456
839 907.497
840 908.537
841 909.577
842 910.617
843 911.657
844 912.697
845 913.737
846 914.777
847 915.817
848 916.857
849 917.897
850 918.937
851 919.977
852 921.017
853 922.057
854 923.096
855 924.136
856 925.176
857 926.216
858 927.255
859 928.295
860 929.335
861 930.374
862 931.414
863 932.454
864 933.493
865 934.533
866 935.572
867 936.612
868 937.651
869 938.691
870 939.73
871 940.77
872 941.809
873 942.849
874 943.888
875 944.927
876 945.967
877 947.006
878 948.045
879 949.084
880 950.124
881 951.163
882 952.202
883 953.241
884 954.28
885 955.319
886 956.359
887 957.398
888 958.437
889 959.476
890 960.515
891 961.554
892 962.593
893 963.632
894 964.671
895 965.709
896 966.748
897 967.787
898 968.826
899 969.865
900 970.904
901 971.942
902 972.981
903 974.02
904 975.059
905 976.097
906 977.136
907 978.175
908 979.213
909 980.252
910 981.29
911 982.329
912 983.367
913 984.406
914 985.444
915 986.483
916 987.521
917 988.56
918 989.598
919 990.637
920 991.675
921 992.713
922 993.752
923 994.79
924 995.828
925 996.866
926 997.905
927 998.943
928 999.981
929 1001.02
930 1002.06
931 1003.1
932 1004.13
933 1005.17
934 1006.21
935 1007.25
936 1008.29
937 1009.32
938 1010.36
939 1011.4
940 1012.44
941 1013.48
942 1014.51
943 1015.55
944 1016.59
945 1017.63
946 1018.67
947 1019.7
948 1020.74
949 1021.78
950 1022.82
951 1023.85
952 1024.89
953 1025.93
954 1026.97
955 1028
956 1029.04
957 1030.08
958 1031.12
959 1032.16
960 1033.19
961 1034.23
962 1035.27
963 1036.31
964 1037.34
965 1038.38
966 1039.42
967 1040.46
968 1041.49
969 1042.53
970 1043.57
971 1044.6
972 1045.64
973 1046.68
974 1047.72
975 1048.75
976 1049.79
977 1050.83
978 1051.87
979 1052.9
980 1053.94
981 1054.98
982 1056.01
983 1057.05
984 1058.09
985 1059.13
986 1060.16
987 1061.2
988 1062.24
989 1063.27
990 1064.31
991 1065.35
992 1066.38
993 1067.42
994 1068.46
995 1069.5
996 1070.53
997 1071.57
998 1072.61
999 1073.64
1000 1074.68
1001 1075.72
1002 1076.75
1003 1077.79
1004 1078.83
1005 1079.86
1006 1080.9
1007 1081.94
1008 1082.97
1009 1084.01
1010 1085.05
1011 1086.08
1012 1087.12
1013 1088.16
1014 1089.19
1015 1090.23
1016 1091.27
1017 1092.3
1018 1093.34
1019 1094.38
1020 1095.41
1021 1096.45
1022 1097.48
1023 1098.52
1024 1099.56
1025 1100.59
1026 1101.63
1027 1102.67
1028 1103.7
1029 1104.74
1030 1105.77
1031 1106.81
1032 1107.85
1033 1108.88
1034 1109.92
1035 1110.96
1036 1111.99
1037 1113.03
1038 1114.06
1039 1115.1
1040 1116.14
1041 1117.17
1042 1118.21
1043 1119.24
1044 1120.28
1045 1121.32
1046 1122.35
1047 1123.39
1048 1124.42
1049 1125.46
1050 1126.5
1051 1127.53
1052 1128.57
1053 1129.6
1054 1130.64
1055 1131.68
1056 1132.71
1057 1133.75
1058 1134.78
1059 1135.82
1060 1136.85
1061 1137.89
1062 1138.93
1063 1139.96
1064 1141
1065 1142.03
1066 1143.07
1067 1144.1
1068 1145.14
1069 1146.18
1070 1147.21
1071 1148.25
1072 1149.28
1073 1150.32
1074 1151.35
1075 1152.39
1076 1153.42
1077 1154.46
1078 1155.5
1079 1156.53
1080 1157.57
1081 1158.6
1082 1159.64
1083 1160.67
1084 1161.71
1085 1162.74
1086 1163.78
1087 1164.81
1088 1165.85
1089 1166.88
1090 1167.92
1091 1168.95
1092 1169.99
1093 1171.02
1094 1172.06
1095 1173.1
1096 1174.13
1097 1175.17
1098 1176.2
1099 1177.24
1100 1178.27
1101 1179.31
1102 1180.34
1103 1181.38
1104 1182.41
1105 1183.45
1106 1184.48
1107 1185.52
1108 1186.55
1109 1187.59
1110 1188.62
1111 1189.66
1112 1190.69
1113 1191.73
1114 1192.76
1115 1193.8
1116 1194.83
1117 1195.86
1118 1196.9
1119 1197.93
1120 1198.97
1121 1200
1122 1201.04
1123 1202.07
1124 1203.11
1125 1204.14
1126 1205.18
1127 1206.21
1128 1207.25
1129 1208.28
1130 1209.32
1131 1210.35
1132 1211.39
1133 1212.42
1134 1213.45
1135 1214.49
1136 1215.52
1137 1216.56
1138 1217.59
1139 1218.63
1140 1219.66
1141 1220.7
1142 1221.73
1143 1222.76
1144 1223.8
1145 1224.83
1146 1225.87
1147 1226.9
1148 1227.94
1149 1228.97
1150 1230
1151 1231.04
1152 1232.07
1153 1233.11
1154 1234.14
1155 1235.18
1156 1236.21
1157 1237.24
1158 1238.28
1159 1239.31
1160 1240.35
1161 1241.38
1162 1242.42
1163 1243.45
1164 1244.48
1165 1245.52
1166 1246.55
1167 1247.59
1168 1248.62
1169 1249.65
1170 1250.69
1171 1251.72
1172 1252.76
1173 1253.79
1174 1254.82
1175 1255.86
1176 1256.89
1177 1257.93
1178 1258.96
1179 1259.99
1180 1261.03
1181 1262.06
1182 1263.1
1183 1264.13
1184 1265.16
1185 1266.2
1186 1267.23
1187 1268.26
1188 1269.3
1189 1270.33
1190 1271.37
1191 1272.4
1192 1273.43
1193 1274.47
1194 1275.5
1195 1276.53
1196 1277.57
1197 1278.6
1198 1279.63
1199 1280.67
1200 1281.7
1201 1282.74
1202 1283.77
1203 1284.8
1204 1285.84
1205 1286.87
1206 1287.9
1207 1288.94
1208 1289.97
1209 1291
1210 1292.04
1211 1293.07
1212 1294.1
1213 1295.14
1214 1296.17
1215 1297.2
1216 1298.24
1217 1299.27
1218 1300.3
1219 1301.34
1220 1302.37
1221 1303.4
1222 1304.44
1223 1305.47
1224 1306.5
1225 1307.54
1226 1308.57
1227 1309.6
1228 1310.64
1229 1311.67
1230 1312.7
1231 1313.74
1232 1314.77
1233 1315.8
1234 1316.84
1235 1317.87
1236 1318.9
1237 1319.94
1238 1320.97
1239 1322
1240 1323.03
1241 1324.07
1242 1325.1
1243 1326.13
1244 1327.17
1245 1328.2
1246 1329.23
1247 1330.27
1248 1331.3
1249 1332.33
1250 1333.36
1251 1334.4
1252 1335.43
1253 1336.46
1254 1337.5
1255 1338.53
1256 1339.56
1257 1340.59
1258 1341.63
1259 1342.66
1260 1343.69
1261 1344.73
1262 1345.76
1263 1346.79
1264 1347.82
1265 1348.86
1266 1349.89
1267 1350.92
1268 1351.95
1269 1352.99
1270 1354.02
1271 1355.05
1272 1356.08
1273 1357.12
1274 1358.15
1275 1359.18
1276 1360.22
1277 1361.25
1278 1362.28
1279 1363.31
1280 1364.35
1281 1365.38
1282 1366.41
1283 1367.44
1284 1368.48
1285 1369.51
1286 1370.54
1287 1371.57
1288 1372.6
1289 1373.64
1290 1374.67
1291 1375.7
1292 1376.73
1293 1377.77
1294 1378.8
1295 1379.83
1296 1380.86
1297 1381.9
1298 1382.93
1299 1383.96
1300 1384.99
1301 1386.03
1302 1387.06
1303 1388.09
1304 1389.12
1305 1390.15
1306 1391.19
1307 1392.22
1308 1393.25
1309 1394.28
1310 1395.31
1311 1396.35
1312 1397.38
1313 1398.41
1314 1399.44
1315 1400.48
1316 1401.51
1317 1402.54
1318 1403.57
1319 1404.6
1320 1405.64
1321 1406.67
1322 1407.7
1323 1408.73
1324 1409.76
1325 1410.8
1326 1411.83
1327 1412.86
1328 1413.89
1329 1414.92
1330 1415.96
1331 1416.99
1332 1418.02
1333 1419.05
1334 1420.08
1335 1421.11
1336 1422.15
1337 1423.18
1338 1424.21
1339 1425.24
1340 1426.27
1341 1427.31
1342 1428.34
1343 1429.37
1344 1430.4
1345 1431.43
1346 1432.46
1347 1433.5
1348 1434.53
1349 1435.56
1350 1436.59
1351 1437.62
1352 1438.65
1353 1439.69
1354 1440.72
1355 1441.75
1356 1442.78
1357 1443.81
1358 1444.84
1359 1445.88
1360 1446.91
1361 1447.94
1362 1448.97
1363 1450
1364 1451.03
1365 1452.06
1366 1453.1
1367 1454.13
1368 1455.16
1369 1456.19
1370 1457.22
1371 1458.25
1372 1459.28
1373 1460.32
1374 1461.35
1375 1462.38
1376 1463.41
1377 1464.44
1378 1465.47
1379 1466.5
1380 1467.54
1381 1468.57
1382 1469.6
1383 1470.63
1384 1471.66
1385 1472.69
1386 1473.72
1387 1474.75
1388 1475.79
1389 1476.82
1390 1477.85
1391 1478.88
1392 1479.91
1393 1480.94
1394 1481.97
1395 1483
1396 1484.04
1397 1485.07
1398 1486.1
1399 1487.13
1400 1488.16
1401 1489.19
1402 1490.22
1403 1491.25
1404 1492.28
1405 1493.31
1406 1494.35
1407 1495.38
1408 1496.41
1409 1497.44
1410 1498.47
1411 1499.5
1412 1500.53
1413 1501.56
1414 1502.59
1415 1503.62
1416 1504.66
1417 1505.69
1418 1506.72
1419 1507.75
1420 1508.78
1421 1509.81
1422 1510.84
1423 1511.87
1424 1512.9
1425 1513.93
1426 1514.96
1427 1516
1428 1517.03
1429 1518.06
1430 1519.09
1431 1520.12
1432 1521.15
1433 1522.18
1434 1523.21
1435 1524.24
1436 1525.27
1437 1526.3
1438 1527.33
1439 1528.36
1440 1529.39
1441 1530.43
1442 1531.46
1443 1532.49
1444 1533.52
1445 1534.55
1446 1535.58
1447 1536.61
1448 1537.64
1449 1538.67
1450 1539.7
1451 1540.73
1452 1541.76
1453 1542.79
1454 1543.82
1455 1544.85
1456 1545.88
1457 1546.91
1458 1547.94
1459 1548.97
1460 1550.01
1461 1551.04
1462 1552.07
1463 1553.1
1464 1554.13
1465 1555.16
1466 1556.19
1467 1557.22
1468 1558.25
1469 1559.28
1470 1560.31
1471 1561.34
1472 1562.37
1473 1563.4
1474 1564.43
1475 1565.46
1476 1566.49
1477 1567.52
1478 1568.55
1479 1569.58
1480 1570.61
1481 1571.64
1482 1572.67
1483 1573.7
1484 1574.73
1485 1575.76
1486 1576.79
1487 1577.82
1488 1578.85
1489 1579.88
1490 1580.91
1491 1581.94
1492 1582.97
1493 1584
1494 1585.03
1495 1586.06
1496 1587.09
1497 1588.12
1498 1589.15
1499 1590.18
1500 1591.21
1501 1592.24
1502 1593.28
1503 1594.31
1504 1595.34
1505 1596.37
1506 1597.39
1507 1598.42
1508 1599.45
1509 1600.48
1510 1601.51
1511 1602.54
1512 1603.57
1513 1604.6
1514 1605.63
1515 1606.66
1516 1607.69
1517 1608.72
1518 1609.75
1519 1610.78
1520 1611.81
1521 1612.84
1522 1613.87
1523 1614.9
1524 1615.93
1525 1616.96
1526 1617.99
1527 1619.02
1528 1620.05
1529 1621.08
1530 1622.11
1531 1623.14
1532 1624.17
1533 1625.2
1534 1626.23
1535 1627.26
1536 1628.29
1537 1629.32
1538 1630.35
1539 1631.38
1540 1632.41
1541 1633.44
1542 1634.47
1543 1635.5
1544 1636.53
1545 1637.56
1546 1638.59
1547 1639.62
1548 1640.65
1549 1641.67
1550 1642.7
1551 1643.73
1552 1644.76
1553 1645.79
1554 1646.82
1555 1647.85
1556 1648.88
1557 1649.91
1558 1650.94
1559 1651.97
1560 1653
1561 1654.03
1562 1655.06
1563 1656.09
1564 1657.12
1565 1658.15
1566 1659.18
1567 1660.21
1568 1661.23
1569 1662.26
1570 1663.29
1571 1664.32
1572 1665.35
1573 1666.38
1574 1667.41
1575 1668.44
1576 1669.47
1577 1670.5
1578 1671.53
1579 1672.56
1580 1673.59
1581 1674.62
1582 1675.65
1583 1676.67
1584 1677.7
1585 1678.73
1586 1679.76
1587 1680.79
1588 1681.82
1589 1682.85
1590 1683.88
1591 1684.91
1592 1685.94
1593 1686.97
1594 1688
1595 1689.02
1596 1690.05
1597 1691.08
1598 1692.11
1599 1693.14
1600 1694.17
1601 1695.2
1602 1696.23
1603 1697.26
1604 1698.29
1605 1699.32
1606 1700.34
1607 1701.37
1608 1702.4
1609 1703.43
1610 1704.46
1611 1705.49
1612 1706.52
1613 1707.55
1614 1708.58
1615 1709.61
1616 1710.63
1617 1711.66
1618 1712.69
1619 1713.72
1620 1714.75
1621 1715.78
1622 1716.81
1623 1717.84
1624 1718.87
1625 1719.89
1626 1720.92
1627 1721.95
1628 1722.98
1629 1724.01
1630 1725.04
1631 1726.07
1632 1727.1
1633 1728.12
1634 1729.15
1635 1730.18
1636 1731.21
1637 1732.24
1638 1733.27
1639 1734.3
1640 1735.33
1641 1736.35
1642 1737.38
1643 1738.41
1644 1739.44
1645 1740.47
1646 1741.5
1647 1742.53
1648 1743.56
1649 1744.58
1650 1745.61
1651 1746.64
1652 1747.67
1653 1748.7
1654 1749.73
1655 1750.76
1656 1751.78
1657 1752.81
1658 1753.84
1659 1754.87
1660 1755.9
1661 1756.93
1662 1757.96
1663 1758.98
1664 1760.01
1665 1761.04
1666 1762.07
1667 1763.1
1668 1764.13
1669 1765.16
1670 1766.18
1671 1767.21
1672 1768.24
1673 1769.27
1674 1770.3
1675 1771.33
1676 1772.35
1677 1773.38
1678 1774.41
1679 1775.44
1680 1776.47
1681 1777.5
1682 1778.52
1683 1779.55
1684 1780.58
1685 1781.61
1686 1782.64
1687 1783.67
1688 1784.69
1689 1785.72
1690 1786.75
1691 1787.78
1692 1788.81
1693 1789.84
1694 1790.86
1695 1791.89
1696 1792.92
1697 1793.95
1698 1794.98
1699 1796.01
1700 1797.03
1701 1798.06
1702 1799.09
1703 1800.12
1704 1801.15
1705 1802.18
1706 1803.2
1707 1804.23
1708 1805.26
1709 1806.29
1710 1807.32
1711 1808.34
1712 1809.37
1713 1810.4
1714 1811.43
1715 1812.46
1716 1813.48
1717 1814.51
1718 1815.54
1719 1816.57
1720 1817.6
1721 1818.62
1722 1819.65
1723 1820.68
1724 1821.71
1725 1822.74
1726 1823.76
1727 1824.79
1728 1825.82
1729 1826.85
1730 1827.88
1731 1828.9
1732 1829.93
1733 1830.96
1734 1831.99
1735 1833.02
1736 1834.04
1737 1835.07
1738 1836.1
1739 1837.13
1740 1838.16
1741 1839.18
1742 1840.21
1743 1841.24
1744 1842.27
1745 1843.3
1746 1844.32
1747 1845.35
1748 1846.38
1749 1847.41
1750 1848.43
1751 1849.46
1752 1850.49
1753 1851.52
1754 1852.55
1755 1853.57
1756 1854.6
1757 1855.63
1758 1856.66
1759 1857.68
1760 1858.71
1761 1859.74
1762 1860.77
1763 1861.8
1764 1862.82
1765 1863.85
1766 1864.88
1767 1865.91
1768 1866.93
1769 1867.96
1770 1868.99
1771 1870.02
1772 1871.04
1773 1872.07
1774 1873.1
1775 1874.13
1776 1875.15
1777 1876.18
1778 1877.21
1779 1878.24
1780 1879.27
1781 1880.29
1782 1881.32
1783 1882.35
1784 1883.38
1785 1884.4
1786 1885.43
1787 1886.46
1788 1887.49
1789 1888.51
1790 1889.54
1791 1890.57
1792 1891.6
1793 1892.62
1794 1893.65
1795 1894.68
1796 1895.71
1797 1896.73
1798 1897.76
1799 1898.79
1800 1899.82
1801 1900.84
1802 1901.87
1803 1902.9
1804 1903.92
1805 1904.95
1806 1905.98
1807 1907.01
1808 1908.03
1809 1909.06
1810 1910.09
1811 1911.12
1812 1912.14
1813 1913.17
1814 1914.2
1815 1915.23
1816 1916.25
1817 1917.28
1818 1918.31
1819 1919.33
1820 1920.36
1821 1921.39
1822 1922.42
1823 1923.44
1824 1924.47
1825 1925.5
1826 1926.53
1827 1927.55
1828 1928.58
1829 1929.61
1830 1930.63
1831 1931.66
1832 1932.69
1833 1933.72
1834 1934.74
1835 1935.77
1836 1936.8
1837 1937.82
1838 1938.85
1839 1939.88
1840 1940.91
1841 1941.93
1842 1942.96
1843 1943.99
1844 1945.01
1845 1946.04
1846 1947.07
1847 1948.1
1848 1949.12
1849 1950.15
1850 1951.18
1851 1952.2
1852 1953.23
1853 1954.26
1854 1955.28
1855 1956.31
1856 1957.34
1857 1958.37
1858 1959.39
1859 1960.42
1860 1961.45
1861 1962.47
1862 1963.5
1863 1964.53
1864 1965.55
1865 1966.58
1866 1967.61
1867 1968.64
1868 1969.66
1869 1970.69
1870 1971.72
1871 1972.74
1872 1973.77
1873 1974.8
1874 1975.82
1875 1976.85
1876 1977.88
1877 1978.9
1878 1979.93
1879 1980.96
1880 1981.98
1881 1983.01
1882 1984.04
1883 1985.07
1884 1986.09
1885 1987.12
1886 1988.15
1887 1989.17
1888 1990.2
1889 1991.23
1890 1992.25
1891 1993.28
1892 1994.31
1893 1995.33
1894 1996.36
1895 1997.39
1896 1998.41
1897 1999.44
1898 2000.47
1899 2001.49
1900 2002.52
1901 2003.55
1902 2004.57
1903 2005.6
1904 2006.63
1905 2007.65
1906 2008.68
1907 2009.71
1908 2010.73
1909 2011.76
1910 2012.79
1911 2013.81
1912 2014.84
1913 2015.87
1914 2016.89
1915 2017.92
1916 2018.95
1917 2019.97
1918 2021
1919 2022.03
1920 2023.05
1921 2024.08
1922 2025.11
1923 2026.13
1924 2027.16
1925 2028.18
1926 2029.21
1927 2030.24
1928 2031.26
1929 2032.29
1930 2033.32
1931 2034.34
1932 2035.37
1933 2036.4
1934 2037.42
1935 2038.45
1936 2039.48
1937 2040.5
1938 2041.53
1939 2042.56
1940 2043.58
1941 2044.61
1942 2045.63
1943 2046.66
1944 2047.69
1945 2048.71
1946 2049.74
1947 2050.77
1948 2051.79
1949 2052.82
1950 2053.85
1951 2054.87
1952 2055.9
1953 2056.92
1954 2057.95
1955 2058.98
1956 2060
1957 2061.03
1958 2062.06
1959 2063.08
1960 2064.11
1961 2065.13
1962 2066.16
1963 2067.19
1964 2068.21
1965 2069.24
1966 2070.27
1967 2071.29
1968 2072.32
1969 2073.34
1970 2074.37
1971 2075.4
1972 2076.42
1973 2077.45
1974 2078.48
1975 2079.5
1976 2080.53
1977 2081.55
1978 2082.58
1979 2083.61
1980 2084.63
1981 2085.66
1982 2086.68
1983 2087.71
1984 2088.74
1985 2089.76
1986 2090.79
1987 2091.82
1988 2092.84
1989 2093.87
1990 2094.89
1991 2095.92
1992 2096.95
1993 2097.97
1994 2099
1995 2100.02
1996 2101.05
1997 2102.08
1998 2103.1
1999 2104.13